

cornFlowerBlue = [100 149 237]/255;
rosyBrown = [188 143 143]/255;
orangish = [255 204 153]/255;
crimson = [220 20 60]/255;
red = [255 0 0]/255;
fireBrickRed = [178 34 34]/255;
lightGrey = [224 224 224]/255;

Grey = [120 120 120;
        %183 183 183;
        210 210 210]/255;
GreyShades = [232 232 232;
              211 211 211;
              184 184 184;
              169 169 169;
              120 120 120]/255;

redShades = [250 128 114;
             256 36 0]/255;
color_scheme_npg = [...
    0.9020    0.2941    0.2078; ...
    0.3020    0.7333    0.8353; ...
         0    0.6275    0.5294; ...
    0.2353    0.3294    0.5333; ...
    0.9529    0.6078    0.4980; ...
    0.5176    0.5686    0.7059; ...
    0.5686    0.8196    0.7608; ...
    0.8627         0         0; ...
    0.4941    0.3804    0.2824; ...
    0.6902    0.6118    0.5216 ];
